
if game:GetService("CoreGui"):FindFirstChild("PEPOX HUP") then
    game:GetService("CoreGui")["PEPOX HUP"]:Destroy()
end



-- Link Blacklib --
local Blacklib = loadstring(game:HttpGet('https://raw.githubusercontent.com/kickTh/New-Ui/main/BlackTrap_Gui_V1.3.txt'))()
-- Blacklib Window --
local Win = Blacklib:Window("Gui")
-- Tabes --
local Main = Win:Tab("• Main", "rbxassetid://8825667942")

-- Section --
local Main_1 = Main:NewSection("")


-- function Main --

Main_1:Line()
Main_1:Label("    credite PEPOX HUP {YOUTUBE PEPOX HUP   *Premime*}")
Main_1:Line()

Main_1:Button("Green Key", function()
local TweenService = game:GetService("TweenService")
local Tw = TweenService:Create(game.Players.LocalPlayer.Character.HumanoidRootPart, TweenInfo.new(3, Enum.EasingStyle.Linear, Enum.EasingDirection.Out,0,false,0), 
{CFrame = CFrame.new(121.780502, -4.36800003, 81.3610001, -0.258864403, 0, 0.965913713, 0, 1, 0, -0.965913713, 0, -0.258864403)}):Play()
end)


Main_1:Button("Blue Key", function()
local TweenService = game:GetService("TweenService")
local Tw = TweenService:Create(game.Players.LocalPlayer.Character.HumanoidRootPart, TweenInfo.new(3, Enum.EasingStyle.Linear, Enum.EasingDirection.Out,0,false,0), 
{CFrame = CFrame.new(174.139008, 3.63199997, 10.7804985, -1, 0, 0, 0, 1, 0, 0, 0, -1)}):Play()
end)







Main_1:Button("Red Key", function()
local TweenService = game:GetService("TweenService")
local Tw = TweenService:Create(game.Players.LocalPlayer.Character.HumanoidRootPart, TweenInfo.new(3, Enum.EasingStyle.Linear, Enum.EasingDirection.Out,0,false,0), 
{CFrame = CFrame.new(111.087143, 5.38199997, -62.2543259, 0.499959469, -0, -0.866048813, 0, 1, -0, 0.866048813, 0, 0.499959469)}):Play()
end)





Main_1:Button("Purple Key", function()
local TweenService = game:GetService("TweenService")
local Tw = TweenService:Create(game.Players.LocalPlayer.Character.HumanoidRootPart, TweenInfo.new(3, Enum.EasingStyle.Linear, Enum.EasingDirection.Out,0,false,0), 
{CFrame = CFrame.new(209.860992, 3.13199997, -34.7805023, -1, 0, 0, 0, 1, 0, 0, 0, -1)}):Play()
end)




Main_1:Button("Bottle", function()
local TweenService = game:GetService("TweenService")
local Tw = TweenService:Create(game.Players.LocalPlayer.Character.HumanoidRootPart, TweenInfo.new(3, Enum.EasingStyle.Linear, Enum.EasingDirection.Out,0,false,0), 
{CFrame = CFrame.new(114.142593, 29.132, -53.6425934, 1, 0, 0, 0, 1, 0, 0, 0, 1)}):Play()
end)







Main_1:Button("Laser Drill", function()
local TweenService = game:GetService("TweenService")
local Tw = TweenService:Create(game.Players.LocalPlayer.Character.HumanoidRootPart, TweenInfo.new(3, Enum.EasingStyle.Linear, Enum.EasingDirection.Out,0,false,0), 
{CFrame = CFrame.new(114.142593, 29.132, -53.6425934, 1, 0, 0, 0, 1, 0, 0, 0, 1)}):Play()
end)





Main_1:Button("Keycard", function()
local TweenService = game:GetService("TweenService")
local Tw = TweenService:Create(game.Players.LocalPlayer.Character.HumanoidRootPart, TweenInfo.new(3, Enum.EasingStyle.Linear, Enum.EasingDirection.Out,0,false,0), 
{CFrame = CFrame.new(162.798294, 17.0223103, -95.4173889, 0.499959469, 0, 0.866048813, 0, 1, 0, -0.866048813, 0, 0.499959469
)}):Play()
end)







Main_1:Button("Orange Key", function()
local TweenService = game:GetService("TweenService")
local Tw = TweenService:Create(game.Players.LocalPlayer.Character.HumanoidRootPart, TweenInfo.new(3, Enum.EasingStyle.Linear, Enum.EasingDirection.Out,0,false,0), 
{CFrame = CFrame.new(111.280502, 6.13199997, -80.6389999, 0, 0, 1, 0, 1, -0, -1, 0, 0)}):Play()
end)



Main_1:Button("Exit Key", function()
local TweenService = game:GetService("TweenService")
local Tw = TweenService:Create(game.Players.LocalPlayer.Character.HumanoidRootPart, TweenInfo.new(3, Enum.EasingStyle.Linear, Enum.EasingDirection.Out,0,false,0), 
{CFrame = CFrame.new(165.280518, -13.2680016, -12.3610001, 0, 0, 1, 0, 1, -0, -1, 0, 0)}):Play()
end)


Main_1:Button("Hammer", function()
local TweenService = game:GetService("TweenService")
local Tw = TweenService:Create(game.Players.LocalPlayer.Character.HumanoidRootPart, TweenInfo.new(3, Enum.EasingStyle.Linear, Enum.EasingDirection.Out,0,false,0), 
{CFrame = CFrame.new(110.140251, 3.552701, -71.8597488, 1, 0, 0, 0, 1, 0, 0, 0, 1)}):Play()
end)


Main_1:Button("Truss", function()
local TweenService = game:GetService("TweenService")
local Tw = TweenService:Create(game.Players.LocalPlayer.Character.HumanoidRootPart, TweenInfo.new(3, Enum.EasingStyle.Linear, Enum.EasingDirection.Out,0,false,0), 
{CFrame = CFrame.new(124.5, 17.566, 11.5, -1, 0, 0, 0, 1, 0, 0, 0, -1)}):Play()
end)

Main_1:Button("Run", function()
local TweenService = game:GetService("TweenService")
local Tw = TweenService:Create(game.Players.LocalPlayer.Character.HumanoidRootPart, TweenInfo.new(1, Enum.EasingStyle.Linear, Enum.EasingDirection.Out,0,false,0), 
{CFrame = CFrame.new(162.027222, 18.3983021, -57.6454811, -0.996492624, 2.00237995e-08, 0.0836804509, 9.98110838e-09, 1, -1.20430727e-07, -0.0836804509, -1.19173116e-07, -0.996492624)}):Play()
end)
